1860
596.039246 1007.475342 -13.093726 -0.226132 -0.865760 0.446457
5
-0.009014 0 20.320999
-0.001378 0 20.320999
-0.000509 2 5.762192
64.776337 5 0.000000
120.000000 1 0.000000
5
1 9 49 1.000000 6.000000 449.042908 188.455444 443.630371 -0.992278 0.000000 -0.124035 51.353649 Run 1.000000 1 0 0.000000
1 47 28 1.000000 -0.014104 273.413910 187.500000 880.089233 -0.791285 0.000000 0.611448 147.337677 Run 1.000000 1 0 0.000000
2 11 145 0.500000 5.000000 320.040833 194.246933 426.255096 -0.992278 0.000000 -0.124035 30.192307 Walk 0.500000 1 0 0.000000
2 6 200 1.000000 5.000000 614.978638 189.740387 502.446686 -0.371391 0.000000 -0.928477 40.446171 Walk 1.000000 1 0 0.000000
2 2 200 1.000000 5.000000 435.316986 187.500000 832.833069 0.792624 0.000000 -0.609711 44.557053 Walk 1.000000 1 0 0.000000
6
0 1 28 32 -0.015893 2.000000
1 0 34 32 -0.014825 4.000000
0 1 49 33 -0.016061 2.000000
0 0 68 31 -0.016020 2.000000
0 0 77 33 -0.016070 2.000000
0 0 74 28 -0.015965 2.000000
5.000000 4.765496 1 18
108
