2000
476.090393 933.647278 8.564196 -0.057344 -0.865760 0.497163
5
-0.015546 0 20.320999
5.643941 5 0.000000
120.000000 5 0.000000
120.000000 5 0.000000
120.000000 1 0.000000
5
0 21 10 1.000000 6.000000 677.095886 188.806442 203.871231 0.957826 0.000000 -0.287348 90.930771 Walk 1.000000 1 0 0.000000
0 17 60 0.500000 6.000000 324.340637 190.174454 216.085159 0.970142 0.000000 0.242536 66.320824 Walk 0.500000 1 0 0.000000
0 14 100 0.500000 6.000000 180.000000 198.658264 304.388397 0.000000 0.000000 -1.000000 25.611612 Walk 0.500000 1 0 0.000000
0 11 100 0.500000 6.000000 320.148773 194.238861 426.268585 -0.992278 0.000000 -0.124035 30.083536 Walk 0.500000 1 0 0.000000
0 6 100 1.000000 6.000000 628.729614 192.928329 536.824036 -0.371391 0.000000 -0.928477 3.420606 Walk 1.000000 1 0 0.000000
2
0 0 30 32 -0.016350 2.000000
1 0 33 32 -0.015147 4.000000
5.000000 0.628388 1 16
46
